0 	-0.980510 	0.000000 	0.196469
1 	-0.930313 	0.000000 	0.366767
2 	-0.836386 	0.000000 	0.548140
3 	-0.707107 	0.000000 	0.707107
4 	-0.548140 	0.000000 	0.836386
5 	-0.366767 	0.000000 	0.930313
6 	-0.168887 	0.000000 	0.985635
7 	-0.000000 	0.000000 	1.000000
8 	0.196469 	-0.000000 	0.980510
9 	0.366767 	-0.000000 	0.930313
10 	0.567515 	-0.000000 	0.823363
11 	0.707107 	-0.000000 	0.707107
12 	0.823363 	-0.000000 	0.567515
13 	0.930313 	-0.000000 	0.366767
14 	0.980510 	-0.000000 	0.196469
15 	1.000000 	-0.000000 	0.000000
16 	0.980510 	0.196469 	0.000000
17 	0.930313 	0.366767 	0.000000
18 	0.823363 	0.567515 	0.000000
19 	0.707107 	0.707107 	0.000000
20 	0.567515 	0.823363 	0.000000
21 	0.366767 	0.930313 	0.000000
22 	0.196469 	0.980510 	0.000000
23 	-0.000000 	1.000000 	0.000000
24 	-0.168887 	0.985635 	0.000000
25 	-0.366767 	0.930313 	0.000000
26 	-0.548140 	0.836386 	0.000000
27 	-0.707107 	0.707107 	0.000000
28 	-0.836386 	0.548140 	0.000000
29 	-0.930313 	0.366767 	0.000000
30 	-0.980510 	0.196469 	0.000000
31 	-1.000000 	0.000000 	0.000000
32 	0.000001 	0.000000 	0.000000
33 	0.980789 	-0.000000 	0.195072
34 	1.000000 	-0.000000 	0.000000
35 	1.000000 	-0.000000 	0.000000
36 	0.980789 	-0.000000 	0.195072
37 	0.923881 	-0.000000 	0.382680
38 	0.923886 	-0.000000 	0.382668
39 	0.831465 	-0.000000 	0.555577
40 	0.831465 	-0.000000 	0.555577
41 	0.707107 	-0.000000 	0.707107
42 	0.707107 	-0.000000 	0.707107
43 	0.555577 	-0.000000 	0.831465
44 	0.555577 	-0.000000 	0.831465
45 	0.382668 	-0.000000 	0.923886
46 	0.499561 	-0.000000 	0.866279
47 	0.195072 	-0.000000 	0.980789
48 	0.477343 	-0.000000 	0.878717
49 	-0.000000 	0.000000 	1.000000
50 	0.470210 	0.000000 	0.882555
51 	-0.195072 	0.000000 	0.980789
52 	0.477343 	0.000000 	0.878717
53 	-0.382668 	0.000000 	0.923886
54 	0.499561 	0.000000 	0.866279
55 	-0.539522 	0.000000 	0.841972
56 	0.539522 	0.000000 	0.841972
57 	-0.601798 	0.000000 	0.798648
58 	0.601773 	0.000000 	0.798667
59 	-0.692150 	0.000000 	0.721754
60 	0.692150 	0.000000 	0.721754
61 	-0.812210 	0.000000 	0.583365
62 	0.812227 	0.000000 	0.583341
63 	-0.939038 	0.000000 	0.343812
64 	0.939038 	0.000000 	0.343812
65 	-1.000000 	0.000000 	0.000000
66 	1.000000 	0.000000 	0.000000
67 	-0.939038 	0.343812 	0.000000
68 	0.939038 	0.343812 	-0.000000
69 	-0.812227 	0.583341 	0.000000
70 	0.812210 	0.583365 	-0.000000
71 	-0.692150 	0.721754 	0.000000
72 	0.692150 	0.721754 	-0.000000
73 	-0.601798 	0.798648 	0.000000
74 	0.601773 	0.798667 	-0.000000
75 	-0.539522 	0.841972 	0.000000
76 	0.539522 	0.841972 	-0.000000
77 	-0.382668 	0.923886 	0.000000
78 	0.499561 	0.866279 	-0.000000
79 	-0.195072 	0.980789 	0.000000
80 	0.477343 	0.878717 	-0.000000
81 	-0.000000 	1.000000 	0.000000
82 	0.470210 	0.882555 	-0.000000
83 	0.195072 	0.980789 	0.000000
84 	0.477343 	0.878717 	-0.000000
85 	0.382668 	0.923886 	0.000000
86 	0.499561 	0.866279 	-0.000000
87 	0.555577 	0.831465 	0.000000
88 	0.555577 	0.831465 	-0.000000
89 	0.707107 	0.707107 	0.000000
90 	0.707107 	0.707107 	-0.000000
91 	0.831465 	0.555577 	0.000000
92 	0.831465 	0.555577 	-0.000000
93 	0.923881 	0.382680 	0.000000
94 	0.923881 	0.382680 	-0.000000
95 	0.980789 	0.195072 	0.000000
96 	0.980789 	0.195072 	-0.000000
97 	1.000000 	-0.000000 	0.000000
98 	0.980789 	-0.000000 	0.195072
99 	1.000000 	-0.000000 	0.000000
100 	0.980789 	-0.000000 	0.195072
101 	0.923886 	-0.000000 	0.382668
102 	0.923886 	-0.000000 	0.382668
103 	0.831465 	-0.000000 	0.555577
104 	0.831465 	-0.000000 	0.555577
105 	0.707107 	-0.000000 	0.707107
106 	0.707107 	-0.000000 	0.707107
107 	0.555577 	-0.000000 	0.831465
108 	0.555577 	-0.000000 	0.831465
109 	0.382668 	-0.000000 	0.923886
110 	0.499561 	-0.000000 	0.866279
111 	0.195072 	-0.000000 	0.980789
112 	0.477343 	-0.000000 	0.878717
113 	-0.000000 	0.000000 	1.000000
114 	0.470210 	0.000000 	0.882555
115 	-0.195072 	0.000000 	0.980789
116 	0.477343 	0.000000 	0.878717
117 	-0.382668 	0.000000 	0.923886
118 	0.499561 	0.000000 	0.866279
119 	-0.539522 	0.000000 	0.841972
120 	0.539522 	0.000000 	0.841972
121 	-0.601798 	0.000000 	0.798648
122 	0.601773 	0.000000 	0.798667
123 	-0.692150 	0.000000 	0.721754
124 	0.692150 	0.000000 	0.721754
125 	-0.812210 	0.000000 	0.583365
126 	0.812227 	0.000000 	0.583341
127 	-0.939038 	0.000000 	0.343812
128 	0.939038 	0.000000 	0.343812
129 	-1.000000 	0.000000 	0.000000
130 	1.000000 	0.000000 	0.000000
131 	-0.939038 	0.343812 	0.000000
132 	0.939038 	0.343812 	-0.000000
133 	-0.812227 	0.583341 	0.000000
134 	0.812210 	0.583365 	-0.000000
135 	-0.692150 	0.721754 	0.000000
136 	0.692150 	0.721754 	-0.000000
137 	-0.601798 	0.798648 	0.000000
138 	0.601773 	0.798667 	-0.000000
139 	-0.539522 	0.841972 	0.000000
140 	0.539522 	0.841972 	-0.000000
141 	-0.382668 	0.923886 	0.000000
142 	0.499561 	0.866279 	-0.000000
143 	-0.195072 	0.980789 	0.000000
144 	0.477343 	0.878717 	-0.000000
145 	-0.000000 	1.000000 	0.000000
146 	0.470210 	0.882555 	-0.000000
147 	0.195072 	0.980789 	0.000000
148 	0.477343 	0.878717 	-0.000000
149 	0.382668 	0.923886 	0.000000
150 	0.499561 	0.866279 	-0.000000
151 	0.555577 	0.831465 	0.000000
152 	0.555577 	0.831465 	-0.000000
153 	0.707107 	0.707107 	0.000000
154 	0.707107 	0.707107 	-0.000000
155 	0.831465 	0.555577 	0.000000
156 	0.831465 	0.555577 	-0.000000
157 	0.923886 	0.382668 	0.000000
158 	0.923886 	0.382668 	-0.000000
159 	0.980789 	0.195072 	0.000000
160 	0.980789 	0.195072 	-0.000000
161 	1.000000 	-0.000000 	0.000000
162 	0.980787 	-0.000000 	0.195079
163 	1.000000 	-0.000000 	0.000000
164 	0.980787 	-0.000000 	0.195079
165 	0.923892 	-0.000000 	0.382653
166 	0.923887 	-0.000000 	0.382667
167 	0.831478 	-0.000000 	0.555557
168 	0.831478 	-0.000000 	0.555557
169 	0.748987 	-0.000000 	0.662585
170 	0.707107 	-0.000000 	0.707107
171 	0.693030 	-0.000000 	0.720909
172 	0.555584 	-0.000000 	0.831461
173 	0.654272 	-0.000000 	0.756259
174 	0.382653 	-0.000000 	0.923892
175 	0.631742 	-0.000000 	0.775179
176 	0.195079 	-0.000000 	0.980787
177 	0.624360 	0.000000 	0.781136
178 	-0.000000 	0.000000 	1.000000
179 	0.631742 	0.000000 	0.775179
180 	-0.195079 	0.000000 	0.980787
181 	0.654272 	0.000000 	0.756259
182 	-0.382653 	0.000000 	0.923892
183 	0.693030 	0.000000 	0.720909
184 	-0.555584 	0.000000 	0.831461
185 	0.748987 	0.000000 	0.662585
186 	-0.707107 	0.000000 	0.707107
187 	0.821125 	0.000000 	0.570749
188 	-0.821125 	0.000000 	0.570749
189 	0.901967 	0.000000 	0.431804
190 	-0.901967 	0.000000 	0.431804
191 	0.971485 	0.000000 	0.237102
192 	-0.971485 	0.000000 	0.237102
193 	1.000000 	0.000000 	0.000000
194 	-1.000000 	0.000000 	0.000000
195 	0.971485 	0.237102 	-0.000000
196 	-0.971485 	0.237102 	0.000000
197 	0.901967 	0.431804 	-0.000000
198 	-0.901967 	0.431804 	0.000000
199 	0.821125 	0.570749 	-0.000000
200 	-0.821143 	0.570722 	0.000000
201 	0.748987 	0.662585 	-0.000000
202 	-0.707107 	0.707107 	0.000000
203 	0.693030 	0.720909 	-0.000000
204 	-0.555584 	0.831461 	0.000000
205 	0.654272 	0.756259 	-0.000000
206 	-0.382653 	0.923892 	0.000000
207 	0.631742 	0.775179 	-0.000000
208 	-0.195079 	0.980787 	0.000000
209 	0.624360 	0.781136 	-0.000000
210 	-0.000000 	1.000000 	0.000000
211 	0.631742 	0.775179 	-0.000000
212 	0.195079 	0.980787 	0.000000
213 	0.654272 	0.756259 	-0.000000
214 	0.382653 	0.923892 	0.000000
215 	0.693030 	0.720909 	-0.000000
216 	0.555584 	0.831461 	0.000000
217 	0.748987 	0.662585 	-0.000000
218 	0.707107 	0.707107 	0.000000
219 	0.831461 	0.555584 	-0.000000
220 	0.831461 	0.555584 	0.000000
221 	0.923892 	0.382653 	-0.000000
222 	0.923892 	0.382653 	0.000000
223 	0.980787 	0.195079 	-0.000000
224 	0.980787 	0.195079 	0.000000
225 	1.000000 	-0.000000 	0.000000
226 	1.000000 	-0.000000 	0.000000
227 	0.980790 	-0.000000 	0.195069
228 	0.980789 	-0.000000 	0.195071
229 	0.980790 	-0.000000 	0.195069
230 	1.000000 	-0.000000 	0.000000
231 	1.000000 	-0.000000 	0.000000
232 	0.980789 	-0.000000 	0.195071
233 	0.923882 	-0.000000 	0.382677
234 	0.923877 	-0.000000 	0.382690
235 	0.923882 	-0.000000 	0.382677
236 	0.923877 	-0.000000 	0.382690
237 	0.831473 	-0.000000 	0.555565
238 	0.831465 	-0.000000 	0.555577
239 	0.831473 	-0.000000 	0.555565
240 	0.831465 	-0.000000 	0.555577
241 	0.707107 	-0.000000 	0.707107
242 	0.707107 	-0.000000 	0.707107
243 	0.707107 	-0.000000 	0.707107
244 	0.707107 	-0.000000 	0.707107
245 	0.555565 	-0.000000 	0.831473
246 	0.555577 	-0.000000 	0.831465
247 	0.555565 	-0.000000 	0.831473
248 	0.555577 	-0.000000 	0.831465
249 	0.382677 	-0.000000 	0.923882
250 	0.511701 	-0.000000 	0.859164
251 	0.382677 	-0.000000 	0.923882
252 	0.382690 	-0.000000 	0.923877
253 	0.195069 	-0.000000 	0.980790
254 	0.489278 	-0.000000 	0.872128
255 	0.308520 	-0.000000 	0.951218
256 	0.195071 	-0.000000 	0.980789
257 	-0.000000 	0.000000 	1.000000
258 	0.482086 	0.000000 	0.876124
259 	0.303142 	0.000000 	0.952946
260 	-0.000000 	0.000000 	1.000000
261 	-0.195069 	0.000000 	0.980790
262 	0.489278 	0.000000 	0.872128
263 	0.308529 	0.000000 	0.951215
264 	-0.195071 	0.000000 	0.980789
265 	-0.325563 	0.000000 	0.945520
266 	0.511701 	0.000000 	0.859164
267 	0.325563 	0.000000 	0.945520
268 	-0.382661 	0.000000 	0.923889
269 	-0.357336 	0.000000 	0.933976
270 	0.551875 	0.000000 	0.833927
271 	0.357336 	0.000000 	0.933976
272 	-0.551875 	0.000000 	0.833927
273 	-0.410277 	0.000000 	0.911961
274 	0.614132 	0.000000 	0.789204
275 	0.410277 	0.000000 	0.911961
276 	-0.614132 	0.000000 	0.789204
277 	-0.496908 	0.000000 	0.867803
278 	0.703690 	0.000000 	0.710507
279 	0.496908 	0.000000 	0.867803
280 	-0.703690 	0.000000 	0.710507
281 	-0.639253 	0.000000 	0.768997
282 	0.820967 	0.000000 	0.570976
283 	0.639253 	0.000000 	0.768997
284 	-0.820967 	0.000000 	0.570976
285 	-0.852485 	0.000000 	0.522751
286 	0.942522 	0.000000 	0.334144
287 	0.852485 	0.000000 	0.522751
288 	-0.942522 	0.000000 	0.334144
289 	-1.000000 	0.000000 	0.000000
290 	1.000000 	0.000000 	0.000000
291 	1.000000 	0.000000 	0.000000
292 	-1.000000 	0.000000 	0.000000
293 	-0.852485 	0.522751 	0.000000
294 	0.942522 	0.334144 	-0.000000
295 	0.852485 	0.522751 	-0.000000
296 	-0.942522 	0.334144 	0.000000
297 	-0.639253 	0.768997 	0.000000
298 	0.820967 	0.570976 	-0.000000
299 	0.639253 	0.768997 	-0.000000
300 	-0.820967 	0.570976 	0.000000
301 	-0.496908 	0.867803 	0.000000
302 	0.703690 	0.710507 	-0.000000
303 	0.496908 	0.867803 	-0.000000
304 	-0.703690 	0.710507 	0.000000
305 	-0.410277 	0.911961 	0.000000
306 	0.614132 	0.789204 	-0.000000
307 	0.410277 	0.911961 	-0.000000
308 	-0.614132 	0.789204 	0.000000
309 	-0.357336 	0.933976 	0.000000
310 	0.551875 	0.833927 	-0.000000
311 	0.357336 	0.933976 	-0.000000
312 	-0.551875 	0.833927 	0.000000
313 	-0.325563 	0.945520 	0.000000
314 	0.511701 	0.859164 	-0.000000
315 	0.325563 	0.945520 	-0.000000
316 	-0.382661 	0.923889 	0.000000
317 	-0.195069 	0.980790 	0.000000
318 	0.489278 	0.872128 	-0.000000
319 	0.308520 	0.951218 	-0.000000
320 	-0.195071 	0.980789 	0.000000
321 	-0.000000 	1.000000 	0.000000
322 	0.482086 	0.876124 	-0.000000
323 	0.303150 	0.952943 	-0.000000
324 	-0.000000 	1.000000 	0.000000
325 	0.195069 	0.980790 	0.000000
326 	0.489278 	0.872128 	-0.000000
327 	0.308520 	0.951218 	-0.000000
328 	0.195071 	0.980789 	0.000000
329 	0.382677 	0.923882 	0.000000
330 	0.511701 	0.859164 	-0.000000
331 	0.382677 	0.923882 	-0.000000
332 	0.382690 	0.923877 	0.000000
333 	0.555565 	0.831473 	0.000000
334 	0.555577 	0.831465 	-0.000000
335 	0.555565 	0.831473 	-0.000000
336 	0.555577 	0.831465 	0.000000
337 	0.707107 	0.707107 	0.000000
338 	0.707107 	0.707107 	-0.000000
339 	0.707107 	0.707107 	-0.000000
340 	0.707107 	0.707107 	0.000000
341 	0.831473 	0.555565 	0.000000
342 	0.831465 	0.555577 	-0.000000
343 	0.831473 	0.555565 	-0.000000
344 	0.831465 	0.555577 	0.000000
345 	0.923882 	0.382677 	0.000000
346 	0.923889 	0.382661 	-0.000000
347 	0.923882 	0.382677 	-0.000000
348 	0.923889 	0.382661 	0.000000
349 	0.980790 	0.195069 	0.000000
350 	0.980789 	0.195071 	-0.000000
351 	0.980790 	0.195069 	-0.000000
352 	0.980789 	0.195071 	0.000000
353 	-0.761704 	0.000000 	0.647925
354 	1.000000 	-0.000000 	0.000000
355 	0.980789 	-0.000000 	0.195072
356 	0.761704 	0.000000 	0.647925
357 	0.980789 	-0.000000 	0.195072
358 	1.000000 	-0.000000 	0.000000
359 	-0.514022 	0.000000 	0.857777
360 	0.513969 	0.000000 	0.857808
361 	0.923880 	-0.000000 	0.382683
362 	-0.381555 	0.000000 	0.924346
363 	0.923880 	-0.000000 	0.382683
364 	0.381555 	0.000000 	0.924346
365 	0.831483 	-0.000000 	0.555550
366 	-0.308497 	0.000000 	0.951225
367 	0.831483 	-0.000000 	0.555550
368 	0.308497 	0.000000 	0.951225
369 	0.707107 	-0.000000 	0.707107
370 	-0.265878 	0.000000 	0.964007
371 	0.707107 	-0.000000 	0.707107
372 	0.265878 	0.000000 	0.964007
373 	0.555572 	-0.000000 	0.831469
374 	-0.240910 	0.000000 	0.970547
375 	0.555572 	-0.000000 	0.831469
376 	0.240910 	0.000000 	0.970547
377 	0.382683 	-0.000000 	0.923880
378 	-0.195068 	0.000000 	0.980790
379 	0.382683 	-0.000000 	0.923880
380 	0.227674 	0.000000 	0.973737
381 	0.195072 	-0.000000 	0.980789
382 	-0.000000 	0.000000 	1.000000
383 	0.214830 	-0.000000 	0.976651
384 	0.223524 	0.000000 	0.974698
385 	-0.000000 	0.000000 	1.000000
386 	0.195068 	-0.000000 	0.980790
387 	0.210884 	0.000000 	0.977511
388 	0.227674 	-0.000000 	0.973737
389 	-0.195072 	0.000000 	0.980789
390 	0.382689 	-0.000000 	0.923877
391 	0.214830 	0.000000 	0.976651
392 	0.382689 	-0.000000 	0.923877
393 	-0.227399 	0.000000 	0.973802
394 	0.555560 	-0.000000 	0.831477
395 	0.227399 	0.000000 	0.973802
396 	0.555560 	-0.000000 	0.831477
397 	-0.251146 	0.000000 	0.967949
398 	0.707107 	-0.000000 	0.707107
399 	0.251146 	0.000000 	0.967949
400 	0.707107 	-0.000000 	0.707107
401 	-0.291824 	0.000000 	0.956472
402 	0.831477 	-0.000000 	0.555560
403 	0.291824 	0.000000 	0.956472
404 	0.831477 	-0.000000 	0.555560
405 	-0.361997 	0.000000 	0.932179
406 	0.923877 	-0.000000 	0.382689
407 	0.361997 	0.000000 	0.932179
408 	0.923877 	-0.000000 	0.382689
409 	-0.491095 	0.000000 	0.871106
410 	0.980790 	-0.000000 	0.195068
411 	0.491095 	0.000000 	0.871106
412 	1.000000 	-0.000000 	0.000000
413 	-0.741744 	0.000000 	0.670683
414 	1.000000 	-0.000000 	0.000000
415 	0.741744 	0.000000 	0.670683
416 	0.980790 	-0.000000 	0.195068
417 	-1.000000 	0.000000 	0.000000
418 	0.980790 	0.195068 	0.000000
419 	1.000000 	0.000000 	0.000000
420 	0.980790 	0.195068 	-0.000000
421 	-0.741744 	0.670683 	0.000000
422 	0.923877 	0.382689 	0.000000
423 	0.741744 	0.670683 	-0.000000
424 	0.923877 	0.382689 	-0.000000
425 	-0.491040 	0.871137 	0.000000
426 	0.831477 	0.555560 	0.000000
427 	0.491040 	0.871137 	-0.000000
428 	0.831477 	0.555560 	-0.000000
429 	-0.361997 	0.932179 	0.000000
430 	0.707107 	0.707107 	0.000000
431 	0.361997 	0.932179 	-0.000000
432 	0.707107 	0.707107 	-0.000000
433 	-0.291824 	0.956472 	0.000000
434 	0.555560 	0.831477 	0.000000
435 	0.291785 	0.956484 	-0.000000
436 	0.555560 	0.831477 	-0.000000
437 	-0.251146 	0.967949 	0.000000
438 	0.382663 	0.923888 	0.000000
439 	0.251146 	0.967949 	-0.000000
440 	0.382663 	0.923888 	-0.000000
441 	-0.227399 	0.973802 	0.000000
442 	0.195068 	0.980790 	0.000000
443 	0.227399 	0.973802 	-0.000000
444 	0.227674 	0.973737 	-0.000000
445 	-0.195072 	0.980789 	0.000000
446 	-0.000000 	1.000000 	0.000000
447 	0.214830 	0.976651 	-0.000000
448 	0.223495 	0.974705 	-0.000000
449 	-0.000000 	1.000000 	0.000000
450 	-0.195068 	0.980790 	0.000000
451 	0.210884 	0.977511 	-0.000000
452 	0.227674 	0.973737 	-0.000000
453 	0.195072 	0.980789 	0.000000
454 	-0.240910 	0.970547 	0.000000
455 	0.214830 	0.976651 	-0.000000
456 	0.240910 	0.970547 	-0.000000
457 	0.382683 	0.923880 	0.000000
458 	-0.265878 	0.964007 	0.000000
459 	0.382683 	0.923880 	-0.000000
460 	0.265878 	0.964007 	-0.000000
461 	0.555564 	0.831473 	0.000000
462 	-0.308497 	0.951225 	0.000000
463 	0.555564 	0.831473 	-0.000000
464 	0.308497 	0.951225 	-0.000000
465 	0.707107 	0.707107 	0.000000
466 	-0.381555 	0.924346 	0.000000
467 	0.707107 	0.707107 	-0.000000
468 	0.381555 	0.924346 	-0.000000
469 	0.831483 	0.555550 	0.000000
470 	-0.514022 	0.857777 	0.000000
471 	0.831483 	0.555550 	-0.000000
472 	0.514022 	0.857777 	-0.000000
473 	0.923880 	0.382683 	0.000000
474 	-0.761704 	0.647925 	0.000000
475 	0.923880 	0.382683 	-0.000000
476 	0.761704 	0.647925 	-0.000000
477 	0.980789 	0.195072 	0.000000
478 	-1.000000 	0.000000 	0.000000
479 	0.980789 	0.195072 	-0.000000
480 	1.000000 	0.000000 	0.000000
481 	-0.761704 	0.000000 	0.647925
482 	0.761704 	0.000000 	0.647925
483 	-0.514022 	0.000000 	0.857777
484 	0.514022 	0.000000 	0.857777
485 	-0.381555 	0.000000 	0.924346
486 	0.381555 	0.000000 	0.924346
487 	-0.308497 	0.000000 	0.951225
488 	0.308497 	0.000000 	0.951225
489 	-0.265878 	0.000000 	0.964007
490 	0.265878 	0.000000 	0.964007
491 	-0.240910 	0.000000 	0.970547
492 	0.240910 	0.000000 	0.970547
493 	-0.195068 	0.000000 	0.980790
494 	0.227674 	0.000000 	0.973737
495 	-0.000000 	0.000000 	1.000000
496 	0.223524 	0.000000 	0.974698
497 	0.195068 	-0.000000 	0.980790
498 	0.227674 	-0.000000 	0.973737
499 	0.382689 	-0.000000 	0.923877
500 	0.382689 	-0.000000 	0.923877
501 	0.555560 	-0.000000 	0.831477
502 	0.555560 	-0.000000 	0.831477
503 	0.707107 	-0.000000 	0.707107
504 	0.707107 	-0.000000 	0.707107
505 	0.831477 	-0.000000 	0.555560
506 	0.831477 	-0.000000 	0.555560
507 	0.923877 	-0.000000 	0.382689
508 	0.923877 	-0.000000 	0.382689
509 	0.980790 	-0.000000 	0.195068
510 	1.000000 	-0.000000 	0.000000
511 	1.000000 	-0.000000 	0.000000
512 	0.980790 	-0.000000 	0.195068
513 	1.000000 	-0.000000 	0.000000
514 	0.980787 	-0.000000 	0.195079
515 	1.000000 	-0.000000 	0.000000
516 	0.980787 	-0.000000 	0.195079
517 	0.923892 	-0.000000 	0.382653
518 	0.923892 	-0.000000 	0.382653
519 	0.831461 	-0.000000 	0.555584
520 	0.831461 	-0.000000 	0.555584
521 	0.748987 	-0.000000 	0.662585
522 	0.707107 	-0.000000 	0.707107
523 	0.693030 	-0.000000 	0.720909
524 	0.555584 	-0.000000 	0.831461
525 	0.654272 	-0.000000 	0.756259
526 	0.382653 	-0.000000 	0.923892
527 	0.631742 	-0.000000 	0.775179
528 	0.195079 	-0.000000 	0.980787
529 	0.624360 	0.000000 	0.781136
530 	-0.000000 	0.000000 	1.000000
531 	0.631742 	0.000000 	0.775179
532 	-0.195079 	0.000000 	0.980787
533 	0.654272 	0.000000 	0.756259
534 	-0.382653 	0.000000 	0.923892
535 	0.693030 	0.000000 	0.720909
536 	-0.555584 	0.000000 	0.831461
537 	0.748987 	0.000000 	0.662585
538 	-0.707107 	0.000000 	0.707107
539 	0.821125 	0.000000 	0.570749
540 	-0.821125 	0.000000 	0.570749
541 	0.901967 	0.000000 	0.431804
542 	-0.901967 	0.000000 	0.431804
543 	0.971485 	0.000000 	0.237102
544 	-0.971485 	0.000000 	0.237102
545 	1.000000 	0.000000 	0.000000
546 	-1.000000 	0.000000 	0.000000
547 	0.971485 	0.237102 	-0.000000
548 	-0.971485 	0.237102 	0.000000
549 	0.901967 	0.431804 	-0.000000
550 	-0.901967 	0.431804 	0.000000
551 	0.821125 	0.570749 	-0.000000
552 	-0.821143 	0.570722 	0.000000
553 	0.748987 	0.662585 	-0.000000
554 	-0.707107 	0.707107 	0.000000
555 	0.693030 	0.720909 	-0.000000
556 	-0.555584 	0.831461 	0.000000
557 	0.654272 	0.756259 	-0.000000
558 	-0.382653 	0.923892 	0.000000
559 	0.631742 	0.775179 	-0.000000
560 	-0.195079 	0.980787 	0.000000
561 	0.624360 	0.781136 	-0.000000
562 	-0.000000 	1.000000 	0.000000
563 	0.631742 	0.775179 	-0.000000
564 	0.195079 	0.980787 	0.000000
565 	0.654272 	0.756259 	-0.000000
566 	0.382687 	0.923878 	0.000000
567 	0.693030 	0.720909 	-0.000000
568 	0.555584 	0.831461 	0.000000
569 	0.748987 	0.662585 	-0.000000
570 	0.707107 	0.707107 	0.000000
571 	0.831461 	0.555584 	-0.000000
572 	0.831461 	0.555584 	0.000000
573 	0.923892 	0.382653 	-0.000000
574 	0.923892 	0.382653 	0.000000
575 	0.980787 	0.195079 	-0.000000
576 	0.980787 	0.195079 	0.000000
577 	1.000000 	-0.000000 	0.000000
578 	0.980790 	-0.000000 	0.195069
579 	0.980790 	-0.000000 	0.195069
580 	1.000000 	-0.000000 	0.000000
581 	0.923882 	-0.000000 	0.382677
582 	0.923882 	-0.000000 	0.382677
583 	0.831473 	-0.000000 	0.555565
584 	0.831473 	-0.000000 	0.555565
585 	0.707107 	-0.000000 	0.707107
586 	0.707107 	-0.000000 	0.707107
587 	0.555565 	-0.000000 	0.831473
588 	0.555565 	-0.000000 	0.831473
589 	0.382677 	-0.000000 	0.923882
590 	0.382677 	-0.000000 	0.923882
591 	0.195069 	-0.000000 	0.980790
592 	0.308520 	-0.000000 	0.951218
593 	-0.000000 	0.000000 	1.000000
594 	0.303142 	0.000000 	0.952946
595 	-0.195069 	0.000000 	0.980790
596 	0.308529 	0.000000 	0.951215
597 	-0.325563 	0.000000 	0.945520
598 	0.325563 	0.000000 	0.945520
599 	-0.357336 	0.000000 	0.933976
600 	0.357336 	0.000000 	0.933976
601 	-0.410277 	0.000000 	0.911961
602 	0.410277 	0.000000 	0.911961
603 	-0.496908 	0.000000 	0.867803
604 	0.496908 	0.000000 	0.867803
605 	-0.639253 	0.000000 	0.768997
606 	0.639253 	0.000000 	0.768997
607 	-0.852485 	0.000000 	0.522751
608 	0.852485 	0.000000 	0.522751
609 	-1.000000 	0.000000 	0.000000
610 	1.000000 	0.000000 	0.000000
611 	-0.852485 	0.522751 	0.000000
612 	0.852485 	0.522751 	-0.000000
613 	-0.639253 	0.768997 	0.000000
614 	0.639253 	0.768997 	-0.000000
615 	-0.496908 	0.867803 	0.000000
616 	0.496908 	0.867803 	-0.000000
617 	-0.410277 	0.911961 	0.000000
618 	0.410277 	0.911961 	-0.000000
619 	-0.357336 	0.933976 	0.000000
620 	0.357336 	0.933976 	-0.000000
621 	-0.325563 	0.945520 	0.000000
622 	0.325563 	0.945520 	-0.000000
623 	-0.195069 	0.980790 	0.000000
624 	0.308520 	0.951218 	-0.000000
625 	-0.000000 	1.000000 	0.000000
626 	0.303150 	0.952943 	-0.000000
627 	0.195069 	0.980790 	0.000000
628 	0.308520 	0.951218 	-0.000000
629 	0.382677 	0.923882 	0.000000
630 	0.382677 	0.923882 	-0.000000
631 	0.555565 	0.831473 	0.000000
632 	0.555565 	0.831473 	-0.000000
633 	0.707107 	0.707107 	0.000000
634 	0.707107 	0.707107 	-0.000000
635 	0.831473 	0.555565 	0.000000
636 	0.831473 	0.555565 	-0.000000
637 	0.923882 	0.382677 	0.000000
638 	0.923882 	0.382677 	-0.000000
639 	0.980790 	0.195069 	0.000000
640 	0.980790 	0.195069 	-0.000000
641 	1.000000 	-0.000000 	0.000000
642 	0.980789 	-0.000000 	0.195071
643 	1.000000 	-0.000000 	0.000000
644 	0.980789 	-0.000000 	0.195071
645 	0.923877 	-0.000000 	0.382690
646 	0.923877 	-0.000000 	0.382690
647 	0.831465 	-0.000000 	0.555577
648 	0.831465 	-0.000000 	0.555577
649 	0.707107 	-0.000000 	0.707107
650 	0.707107 	-0.000000 	0.707107
651 	0.555577 	-0.000000 	0.831465
652 	0.555577 	-0.000000 	0.831465
653 	0.511701 	-0.000000 	0.859164
654 	0.382690 	-0.000000 	0.923877
655 	0.489278 	-0.000000 	0.872128
656 	0.195071 	-0.000000 	0.980789
657 	0.482086 	0.000000 	0.876124
658 	-0.000000 	0.000000 	1.000000
659 	0.489278 	0.000000 	0.872128
660 	-0.195071 	0.000000 	0.980789
661 	0.511701 	0.000000 	0.859164
662 	-0.382690 	0.000000 	0.923877
663 	0.551875 	0.000000 	0.833927
664 	-0.551875 	0.000000 	0.833927
665 	0.614132 	0.000000 	0.789204
666 	-0.614132 	0.000000 	0.789204
667 	0.703690 	0.000000 	0.710507
668 	-0.703690 	0.000000 	0.710507
669 	0.820967 	0.000000 	0.570976
670 	-0.820967 	0.000000 	0.570976
671 	0.942522 	0.000000 	0.334144
672 	-0.942522 	0.000000 	0.334144
673 	1.000000 	0.000000 	0.000000
674 	-1.000000 	0.000000 	0.000000
675 	0.942522 	0.334144 	-0.000000
676 	-0.942522 	0.334144 	0.000000
677 	0.820967 	0.570976 	-0.000000
678 	-0.820967 	0.570976 	0.000000
679 	0.703690 	0.710507 	-0.000000
680 	-0.703690 	0.710507 	0.000000
681 	0.614132 	0.789204 	-0.000000
682 	-0.614132 	0.789204 	0.000000
683 	0.551875 	0.833927 	-0.000000
684 	-0.551875 	0.833927 	0.000000
685 	0.511701 	0.859164 	-0.000000
686 	-0.382690 	0.923877 	0.000000
687 	0.489278 	0.872128 	-0.000000
688 	-0.195071 	0.980789 	0.000000
689 	0.482086 	0.876124 	-0.000000
690 	-0.000000 	1.000000 	0.000000
691 	0.489278 	0.872128 	-0.000000
692 	0.195071 	0.980789 	0.000000
693 	0.511701 	0.859164 	-0.000000
694 	0.382690 	0.923877 	0.000000
695 	0.555577 	0.831465 	-0.000000
696 	0.555577 	0.831465 	0.000000
697 	0.707107 	0.707107 	-0.000000
698 	0.707107 	0.707107 	0.000000
699 	0.831465 	0.555577 	-0.000000
700 	0.831465 	0.555577 	0.000000
701 	0.923889 	0.382661 	-0.000000
702 	0.923889 	0.382661 	0.000000
703 	0.980789 	0.195071 	-0.000000
704 	0.980789 	0.195071 	0.000000
705 	1.000000 	-0.000000 	0.000000
706 	0.980789 	-0.000000 	0.195072
707 	0.980789 	-0.000000 	0.195072
708 	1.000000 	-0.000000 	0.000000
709 	0.923880 	-0.000000 	0.382683
710 	0.923880 	-0.000000 	0.382683
711 	0.831473 	-0.000000 	0.555564
712 	0.831473 	-0.000000 	0.555564
713 	0.707107 	-0.000000 	0.707107
714 	0.707107 	-0.000000 	0.707107
715 	0.555572 	-0.000000 	0.831469
716 	0.555572 	-0.000000 	0.831469
717 	0.382683 	-0.000000 	0.923880
718 	0.382683 	-0.000000 	0.923880
719 	0.195072 	-0.000000 	0.980789
720 	0.214830 	-0.000000 	0.976651
721 	-0.000000 	0.000000 	1.000000
722 	0.210884 	0.000000 	0.977511
723 	-0.195072 	0.000000 	0.980789
724 	0.214830 	0.000000 	0.976651
725 	-0.227399 	0.000000 	0.973802
726 	0.227399 	0.000000 	0.973802
727 	-0.251146 	0.000000 	0.967949
728 	0.251146 	0.000000 	0.967949
729 	-0.291824 	0.000000 	0.956472
730 	0.291824 	0.000000 	0.956472
731 	-0.361997 	0.000000 	0.932179
732 	0.361997 	0.000000 	0.932179
733 	-0.491095 	0.000000 	0.871106
734 	0.491095 	0.000000 	0.871106
735 	-0.741744 	0.000000 	0.670683
736 	0.741744 	0.000000 	0.670683
737 	-1.000000 	0.000000 	0.000000
738 	1.000000 	0.000000 	0.000000
739 	-0.741744 	0.670683 	0.000000
740 	0.741744 	0.670683 	-0.000000
741 	-0.491040 	0.871137 	0.000000
742 	0.491040 	0.871137 	-0.000000
743 	-0.361997 	0.932179 	0.000000
744 	0.361997 	0.932179 	-0.000000
745 	-0.291824 	0.956472 	0.000000
746 	0.291785 	0.956484 	-0.000000
747 	-0.251146 	0.967949 	0.000000
748 	0.251146 	0.967949 	-0.000000
749 	-0.227399 	0.973802 	0.000000
750 	0.227399 	0.973802 	-0.000000
751 	-0.195072 	0.980789 	0.000000
752 	0.214830 	0.976651 	-0.000000
753 	-0.000000 	1.000000 	0.000000
754 	0.210884 	0.977511 	-0.000000
755 	0.195072 	0.980789 	0.000000
756 	0.214830 	0.976651 	-0.000000
757 	0.382683 	0.923880 	0.000000
758 	0.382683 	0.923880 	-0.000000
759 	0.555564 	0.831473 	0.000000
760 	0.555564 	0.831473 	-0.000000
761 	0.707107 	0.707107 	0.000000
762 	0.707107 	0.707107 	-0.000000
763 	0.831483 	0.555550 	0.000000
764 	0.831483 	0.555550 	-0.000000
765 	0.923880 	0.382683 	0.000000
766 	0.923880 	0.382683 	-0.000000
767 	0.980789 	0.195072 	0.000000
768 	0.980789 	0.195072 	-0.000000
769 	1.000000 	0.000000 	0.000214
770 	1.000000 	0.000000 	0.000397
771 	1.000000 	0.000000 	0.000610
772 	1.000000 	0.000000 	0.000763
773 	1.000000 	0.000000 	0.000885
774 	1.000000 	0.000000 	0.001007
775 	1.000000 	0.000000 	0.001068
776 	0.999999 	0.000000 	0.001099
777 	1.000000 	-0.000000 	0.001068
778 	1.000000 	-0.000000 	0.001007
779 	1.000000 	-0.000000 	0.000885
780 	1.000000 	-0.000000 	0.000763
781 	1.000000 	-0.000000 	0.000610
782 	1.000000 	-0.000000 	0.000397
783 	1.000000 	-0.000000 	0.000214
784 	1.000000 	-0.000000 	0.000000
785 	1.000000 	0.000214 	-0.000000
786 	1.000000 	0.000397 	-0.000000
787 	1.000000 	0.000610 	-0.000000
788 	1.000000 	0.000763 	-0.000000
789 	1.000000 	0.000885 	-0.000000
790 	1.000000 	0.001007 	-0.000000
791 	1.000000 	0.001068 	-0.000000
792 	0.999999 	0.001099 	-0.000000
793 	1.000000 	0.001068 	-0.000000
794 	1.000000 	0.001007 	-0.000000
795 	1.000000 	0.000885 	-0.000000
796 	1.000000 	0.000763 	-0.000000
797 	1.000000 	0.000610 	-0.000000
798 	1.000000 	0.000397 	-0.000000
799 	1.000000 	0.000000 	0.000000
800 	1.000000 	0.000000 	0.000000
801 	1.000000 	0.000214 	-0.000000
802 	1.000000 	0.000000 	0.000000
803 	-1.000000 	0.000000 	0.000000
804 	0.761704 	0.647925 	-0.000000
805 	-0.761704 	0.647925 	0.000000
806 	0.514022 	0.857777 	-0.000000
807 	-0.514022 	0.857777 	0.000000
808 	0.381555 	0.924346 	-0.000000
809 	-0.381555 	0.924346 	0.000000
810 	0.308497 	0.951225 	-0.000000
811 	-0.308497 	0.951225 	0.000000
812 	0.265878 	0.964007 	-0.000000
813 	-0.265878 	0.964007 	0.000000
814 	0.240910 	0.970547 	-0.000000
815 	-0.240910 	0.970547 	0.000000
816 	0.227674 	0.973737 	-0.000000
817 	-0.195068 	0.980790 	0.000000
818 	0.223524 	0.974698 	-0.000000
819 	-0.000000 	1.000000 	0.000000
820 	0.227674 	0.973737 	-0.000000
821 	0.195068 	0.980790 	0.000000
822 	0.382689 	0.923877 	-0.000000
823 	0.382689 	0.923877 	0.000000
824 	0.555560 	0.831477 	-0.000000
825 	0.555560 	0.831477 	0.000000
826 	0.707107 	0.707107 	-0.000000
827 	0.707107 	0.707107 	0.000000
828 	0.831477 	0.555560 	-0.000000
829 	0.831477 	0.555560 	0.000000
830 	0.923877 	0.382689 	-0.000000
831 	0.923877 	0.382689 	0.000000
832 	0.980790 	0.195068 	-0.000000
833 	0.980790 	0.195068 	0.000000
834 	1.000000 	-0.000000 	0.000000
835 	0.980788 	-0.000000 	0.195078
836 	1.000000 	-0.000000 	0.000000
837 	0.980788 	-0.000000 	0.195078
838 	0.923880 	-0.000000 	0.382683
839 	0.923880 	-0.000000 	0.382683
840 	0.831473 	-0.000000 	0.555564
841 	0.831473 	-0.000000 	0.555564
842 	0.707107 	-0.000000 	0.707107
843 	0.707107 	-0.000000 	0.707107
844 	0.555564 	-0.000000 	0.831473
845 	0.555564 	-0.000000 	0.831473
846 	0.382683 	-0.000000 	0.923880
847 	0.382683 	-0.000000 	0.923880
848 	0.214955 	-0.000000 	0.976624
849 	0.195078 	-0.000000 	0.980788
850 	0.211007 	0.000000 	0.977485
851 	-0.000000 	0.000000 	1.000000
852 	0.214955 	0.000000 	0.976624
853 	-0.195078 	0.000000 	0.980788
854 	0.227524 	0.000000 	0.973772
855 	-0.227524 	0.000000 	0.973772
856 	0.251292 	0.000000 	0.967911
857 	-0.251292 	0.000000 	0.967911
858 	0.291978 	0.000000 	0.956425
859 	-0.291978 	0.000000 	0.956425
860 	0.362179 	0.000000 	0.932109
861 	-0.362179 	0.000000 	0.932109
862 	0.491311 	0.000000 	0.870984
863 	-0.491311 	0.000000 	0.870984
864 	0.741937 	0.000000 	0.670470
865 	-0.741937 	0.000000 	0.670470
866 	1.000000 	0.000000 	0.000000
867 	-1.000000 	0.000000 	0.000000
868 	0.741937 	0.670470 	-0.000000
869 	-0.741937 	0.670470 	0.000000
870 	0.491311 	0.870984 	-0.000000
871 	-0.491311 	0.870984 	0.000000
872 	0.362179 	0.932109 	-0.000000
873 	-0.362179 	0.932109 	0.000000
874 	0.291978 	0.956425 	-0.000000
875 	-0.291978 	0.956425 	0.000000
876 	0.251292 	0.967911 	-0.000000
877 	-0.251292 	0.967911 	0.000000
878 	0.227524 	0.973772 	-0.000000
879 	-0.227524 	0.973772 	0.000000
880 	0.214955 	0.976624 	-0.000000
881 	-0.195078 	0.980788 	0.000000
882 	0.211007 	0.977485 	-0.000000
883 	-0.000000 	1.000000 	0.000000
884 	0.214955 	0.976624 	-0.000000
885 	0.195078 	0.980788 	0.000000
886 	0.382683 	0.923880 	-0.000000
887 	0.382683 	0.923880 	0.000000
888 	0.555564 	0.831473 	-0.000000
889 	0.555564 	0.831473 	0.000000
890 	0.707107 	0.707107 	-0.000000
891 	0.707107 	0.707107 	0.000000
892 	0.831473 	0.555564 	-0.000000
893 	0.831473 	0.555564 	0.000000
894 	0.923880 	0.382683 	-0.000000
895 	0.923880 	0.382683 	0.000000
896 	0.980788 	0.195078 	-0.000000
897 	0.980788 	0.195078 	0.000000
898 	1.000000 	-0.000000 	0.000000
899 	0.980788 	-0.000000 	0.195078
900 	1.000000 	-0.000000 	0.000000
901 	0.980788 	-0.000000 	0.195078
902 	0.923880 	-0.000000 	0.382683
903 	0.923880 	-0.000000 	0.382683
904 	0.831473 	-0.000000 	0.555564
905 	0.831473 	-0.000000 	0.555564
906 	0.707107 	-0.000000 	0.707107
907 	0.707107 	-0.000000 	0.707107
908 	0.555564 	-0.000000 	0.831473
909 	0.555564 	-0.000000 	0.831473
910 	0.382683 	-0.000000 	0.923880
911 	0.382683 	-0.000000 	0.923880
912 	0.214955 	-0.000000 	0.976624
913 	0.195078 	-0.000000 	0.980788
914 	0.211007 	0.000000 	0.977485
915 	-0.000000 	0.000000 	1.000000
916 	0.214955 	0.000000 	0.976624
917 	-0.195078 	0.000000 	0.980788
918 	0.227524 	0.000000 	0.973772
919 	-0.227524 	0.000000 	0.973772
920 	0.251292 	0.000000 	0.967911
921 	-0.251292 	0.000000 	0.967911
922 	0.291978 	0.000000 	0.956425
923 	-0.291978 	0.000000 	0.956425
924 	0.362179 	0.000000 	0.932109
925 	-0.362179 	0.000000 	0.932109
926 	0.491311 	0.000000 	0.870984
927 	-0.491311 	0.000000 	0.870984
928 	0.741937 	0.000000 	0.670470
929 	-0.741937 	0.000000 	0.670470
930 	1.000000 	0.000000 	0.000000
931 	-1.000000 	0.000000 	0.000000
932 	0.741937 	0.670470 	-0.000000
933 	-0.741937 	0.670470 	0.000000
934 	0.491311 	0.870984 	-0.000000
935 	-0.491311 	0.870984 	0.000000
936 	0.362179 	0.932109 	-0.000000
937 	-0.362179 	0.932109 	0.000000
938 	0.291978 	0.956425 	-0.000000
939 	-0.291978 	0.956425 	0.000000
940 	0.251292 	0.967911 	-0.000000
941 	-0.251292 	0.967911 	0.000000
942 	0.227524 	0.973772 	-0.000000
943 	-0.227524 	0.973772 	0.000000
944 	0.214955 	0.976624 	-0.000000
945 	-0.195078 	0.980788 	0.000000
946 	0.211007 	0.977485 	-0.000000
947 	-0.000000 	1.000000 	0.000000
948 	0.214955 	0.976624 	-0.000000
949 	0.195078 	0.980788 	0.000000
950 	0.382683 	0.923880 	-0.000000
951 	0.382683 	0.923880 	0.000000
952 	0.555564 	0.831473 	-0.000000
953 	0.555564 	0.831473 	0.000000
954 	0.707107 	0.707107 	-0.000000
955 	0.707107 	0.707107 	0.000000
956 	0.831473 	0.555564 	-0.000000
957 	0.831473 	0.555564 	0.000000
958 	0.923890 	0.382657 	-0.000000
959 	0.923880 	0.382683 	0.000000
960 	0.980788 	0.195078 	-0.000000
961 	0.980788 	0.195078 	0.000000
962 	1.000000 	-0.000000 	0.000000
963 	1.000000 	-0.000000 	0.000000
964 	0.980786 	-0.000000 	0.195088
965 	0.980786 	-0.000000 	0.195088
966 	0.980786 	-0.000000 	0.195088
967 	1.000000 	-0.000000 	0.000000
968 	1.000000 	-0.000000 	0.000000
969 	0.980786 	-0.000000 	0.195088
970 	0.923882 	-0.000000 	0.382678
971 	0.923882 	-0.000000 	0.382678
972 	0.923882 	-0.000000 	0.382678
973 	0.923882 	-0.000000 	0.382678
974 	0.831466 	-0.000000 	0.555575
975 	0.831466 	-0.000000 	0.555575
976 	0.831466 	-0.000000 	0.555575
977 	0.831466 	-0.000000 	0.555575
978 	0.707107 	-0.000000 	0.707107
979 	0.707107 	-0.000000 	0.707107
980 	0.707107 	-0.000000 	0.707107
981 	0.707107 	-0.000000 	0.707107
982 	0.555575 	-0.000000 	0.831466
983 	0.555575 	-0.000000 	0.831466
984 	0.555575 	-0.000000 	0.831466
985 	0.555575 	-0.000000 	0.831466
986 	0.382678 	-0.000000 	0.923882
987 	0.382678 	-0.000000 	0.923882
988 	0.382678 	-0.000000 	0.923882
989 	0.382678 	-0.000000 	0.923882
990 	0.195088 	-0.000000 	0.980786
991 	0.195088 	-0.000000 	0.980786
992 	0.195088 	-0.000000 	0.980786
993 	0.195088 	-0.000000 	0.980786
994 	0.190655 	0.000000 	0.981657
995 	0.190655 	0.000000 	0.981657
996 	-0.000000 	0.000000 	1.000000
997 	-0.000000 	0.000000 	1.000000
998 	0.194250 	0.000000 	0.980952
999 	0.194250 	0.000000 	0.980952
1000 	-0.194250 	0.000000 	0.980952
1001 	-0.194250 	0.000000 	0.980952
1002 	0.205720 	0.000000 	0.978611
1003 	0.205720 	0.000000 	0.978611
1004 	-0.205720 	0.000000 	0.978611
1005 	-0.205720 	0.000000 	0.978611
1006 	0.227462 	0.000000 	0.973787
1007 	0.227462 	0.000000 	0.973787
1008 	-0.227462 	0.000000 	0.973787
1009 	-0.227462 	0.000000 	0.973787
1010 	0.264857 	0.000000 	0.964288
1011 	0.264857 	0.000000 	0.964288
1012 	-0.264857 	0.000000 	0.964288
1013 	-0.264857 	0.000000 	0.964288
1014 	0.329997 	0.000000 	0.943982
1015 	0.329997 	0.000000 	0.943982
1016 	-0.329997 	0.000000 	0.943982
1017 	-0.329997 	0.000000 	0.943982
1018 	0.452567 	0.000000 	0.891731
1019 	0.452567 	0.000000 	0.891731
1020 	-0.452567 	0.000000 	0.891731
1021 	-0.452567 	0.000000 	0.891731
1022 	0.705523 	0.000000 	0.708687
1023 	0.705523 	0.000000 	0.708687
1024 	-0.705523 	0.000000 	0.708687
1025 	-0.705523 	0.000000 	0.708687
1026 	1.000000 	0.000000 	0.000000
1027 	1.000000 	0.000000 	0.000000
1028 	-1.000000 	0.000000 	0.000000
1029 	-1.000000 	0.000000 	0.000000
1030 	0.705523 	0.708687 	-0.000000
1031 	0.705523 	0.708687 	-0.000000
1032 	-0.705523 	0.708687 	0.000000
1033 	-0.705523 	0.708687 	0.000000
1034 	0.452567 	0.891731 	-0.000000
1035 	0.452567 	0.891731 	-0.000000
1036 	-0.452567 	0.891731 	0.000000
1037 	-0.452567 	0.891731 	0.000000
1038 	0.329997 	0.943982 	-0.000000
1039 	0.329997 	0.943982 	-0.000000
1040 	-0.329997 	0.943982 	0.000000
1041 	-0.329997 	0.943982 	0.000000
1042 	0.264857 	0.964288 	-0.000000
1043 	0.264857 	0.964288 	-0.000000
1044 	-0.264857 	0.964288 	0.000000
1045 	-0.264857 	0.964288 	0.000000
1046 	0.227462 	0.973787 	-0.000000
1047 	0.227462 	0.973787 	-0.000000
1048 	-0.227462 	0.973787 	0.000000
1049 	-0.227462 	0.973787 	0.000000
1050 	0.205720 	0.978611 	-0.000000
1051 	0.205720 	0.978611 	-0.000000
1052 	-0.205720 	0.978611 	0.000000
1053 	-0.205720 	0.978611 	0.000000
1054 	0.194250 	0.980952 	-0.000000
1055 	0.194250 	0.980952 	-0.000000
1056 	-0.194250 	0.980952 	0.000000
1057 	-0.194250 	0.980952 	0.000000
1058 	0.190655 	0.981657 	-0.000000
1059 	0.190655 	0.981657 	-0.000000
1060 	-0.000000 	1.000000 	0.000000
1061 	-0.000000 	1.000000 	0.000000
1062 	0.195088 	0.980786 	-0.000000
1063 	0.195088 	0.980786 	-0.000000
1064 	0.195088 	0.980786 	0.000000
1065 	0.195088 	0.980786 	0.000000
1066 	0.382678 	0.923882 	-0.000000
1067 	0.382678 	0.923882 	-0.000000
1068 	0.382678 	0.923882 	0.000000
1069 	0.382678 	0.923882 	0.000000
1070 	0.555575 	0.831466 	-0.000000
1071 	0.555575 	0.831466 	-0.000000
1072 	0.555575 	0.831466 	0.000000
1073 	0.555575 	0.831466 	0.000000
1074 	0.707107 	0.707107 	-0.000000
1075 	0.707107 	0.707107 	-0.000000
1076 	0.707107 	0.707107 	0.000000
1077 	0.707107 	0.707107 	0.000000
1078 	0.831466 	0.555575 	-0.000000
1079 	0.831466 	0.555575 	-0.000000
1080 	0.831466 	0.555575 	0.000000
1081 	0.831466 	0.555575 	0.000000
1082 	0.923882 	0.382678 	-0.000000
1083 	0.923882 	0.382678 	-0.000000
1084 	0.923882 	0.382678 	0.000000
1085 	0.923882 	0.382678 	0.000000
1086 	0.980786 	0.195088 	-0.000000
1087 	0.980786 	0.195088 	-0.000000
1088 	0.980786 	0.195088 	0.000000
1089 	0.980786 	0.195088 	0.000000
1090 	1.000000 	-0.000000 	0.000000
1091 	1.000000 	-0.000000 	0.000000
1092 	0.980786 	-0.000000 	0.195088
1093 	0.980786 	-0.000000 	0.195088
1094 	0.980786 	-0.000000 	0.195088
1095 	1.000000 	-0.000000 	0.000000
1096 	1.000000 	-0.000000 	0.000000
1097 	0.980786 	-0.000000 	0.195088
1098 	0.923880 	-0.000000 	0.382682
1099 	0.923884 	-0.000000 	0.382672
1100 	0.923880 	-0.000000 	0.382682
1101 	0.923884 	-0.000000 	0.382672
1102 	0.831476 	-0.000000 	0.555561
1103 	0.831468 	-0.000000 	0.555572
1104 	0.831476 	-0.000000 	0.555561
1105 	0.831468 	-0.000000 	0.555572
1106 	0.707107 	-0.000000 	0.707107
1107 	0.707107 	-0.000000 	0.707107
1108 	0.707107 	-0.000000 	0.707107
1109 	0.707107 	-0.000000 	0.707107
1110 	0.555561 	-0.000000 	0.831476
1111 	0.555572 	-0.000000 	0.831468
1112 	0.555561 	-0.000000 	0.831476
1113 	0.555572 	-0.000000 	0.831468
1114 	0.382682 	-0.000000 	0.923880
1115 	0.382683 	-0.000000 	0.923880
1116 	0.382682 	-0.000000 	0.923880
1117 	0.382683 	-0.000000 	0.923880
1118 	0.195925 	-0.000000 	0.980619
1119 	0.195088 	-0.000000 	0.980786
1120 	0.195088 	-0.000000 	0.980786
1121 	0.195088 	-0.000000 	0.980786
1122 	0.192300 	0.000000 	0.981336
1123 	0.118902 	0.000000 	0.992906
1124 	-0.000000 	0.000000 	1.000000
1125 	-0.000000 	0.000000 	1.000000
1126 	0.195925 	0.000000 	0.980619
1127 	0.121197 	0.000000 	0.992628
1128 	-0.195088 	0.000000 	0.980786
1129 	-0.121197 	0.000000 	0.992628
1130 	0.207489 	0.000000 	0.978237
1131 	0.128541 	0.000000 	0.991704
1132 	-0.207489 	0.000000 	0.978237
1133 	-0.128541 	0.000000 	0.991704
1134 	0.229390 	0.000000 	0.973335
1135 	0.142553 	0.000000 	0.989787
1136 	-0.229390 	0.000000 	0.973335
1137 	-0.142553 	0.000000 	0.989787
1138 	0.267060 	0.000000 	0.963680
1139 	0.166977 	0.000000 	0.985961
1140 	-0.267060 	0.000000 	0.963680
1141 	-0.166977 	0.000000 	0.985961
1142 	0.332635 	0.000000 	0.943056
1143 	0.210707 	0.000000 	0.977549
1144 	-0.332635 	0.000000 	0.943056
1145 	-0.210707 	0.000000 	0.977549
1146 	0.455786 	0.000000 	0.890089
1147 	0.298650 	0.000000 	0.954363
1148 	-0.455786 	0.000000 	0.890089
1149 	-0.298650 	0.000000 	0.954363
1150 	0.708679 	0.000000 	0.705531
1151 	0.523138 	0.000000 	0.852248
1152 	-0.708679 	0.000000 	0.705531
1153 	-0.523138 	0.000000 	0.852248
1154 	1.000000 	0.000000 	0.000000
1155 	1.000000 	0.000000 	0.000000
1156 	-1.000000 	0.000000 	0.000000
1157 	-1.000000 	0.000000 	0.000000
1158 	0.708679 	0.705531 	-0.000000
1159 	0.523138 	0.852248 	-0.000000
1160 	-0.708679 	0.705531 	0.000000
1161 	-0.523138 	0.852248 	0.000000
1162 	0.455786 	0.890089 	-0.000000
1163 	0.298650 	0.954363 	-0.000000
1164 	-0.455786 	0.890089 	0.000000
1165 	-0.298650 	0.954363 	0.000000
1166 	0.332635 	0.943056 	-0.000000
1167 	0.210707 	0.977549 	-0.000000
1168 	-0.332635 	0.943056 	0.000000
1169 	-0.210707 	0.977549 	0.000000
1170 	0.267060 	0.963680 	-0.000000
1171 	0.166977 	0.985961 	-0.000000
1172 	-0.267060 	0.963680 	0.000000
1173 	-0.166977 	0.985961 	0.000000
1174 	0.229390 	0.973335 	-0.000000
1175 	0.142553 	0.989787 	-0.000000
1176 	-0.229390 	0.973335 	0.000000
1177 	-0.142553 	0.989787 	0.000000
1178 	0.207489 	0.978237 	-0.000000
1179 	0.128541 	0.991704 	-0.000000
1180 	-0.207489 	0.978237 	0.000000
1181 	-0.128541 	0.991704 	0.000000
1182 	0.195925 	0.980619 	-0.000000
1183 	0.121197 	0.992628 	-0.000000
1184 	-0.195088 	0.980786 	0.000000
1185 	-0.121197 	0.992628 	0.000000
1186 	0.192300 	0.981336 	-0.000000
1187 	0.118902 	0.992906 	-0.000000
1188 	-0.000000 	1.000000 	0.000000
1189 	-0.000000 	1.000000 	0.000000
1190 	0.195925 	0.980619 	-0.000000
1191 	0.195088 	0.980786 	-0.000000
1192 	0.195088 	0.980786 	0.000000
1193 	0.195088 	0.980786 	0.000000
1194 	0.382682 	0.923880 	-0.000000
1195 	0.382683 	0.923880 	-0.000000
1196 	0.382682 	0.923880 	0.000000
1197 	0.382683 	0.923880 	0.000000
1198 	0.555561 	0.831476 	-0.000000
1199 	0.555572 	0.831468 	-0.000000
1200 	0.555561 	0.831476 	0.000000
1201 	0.555572 	0.831468 	0.000000
1202 	0.707107 	0.707107 	-0.000000
1203 	0.707107 	0.707107 	-0.000000
1204 	0.707107 	0.707107 	0.000000
1205 	0.707107 	0.707107 	0.000000
1206 	0.831476 	0.555561 	-0.000000
1207 	0.831468 	0.555572 	-0.000000
1208 	0.831476 	0.555561 	0.000000
1209 	0.831468 	0.555572 	0.000000
1210 	0.923880 	0.382682 	-0.000000
1211 	0.923884 	0.382672 	-0.000000
1212 	0.923880 	0.382682 	0.000000
1213 	0.923884 	0.382672 	0.000000
1214 	0.980786 	0.195088 	-0.000000
1215 	0.980786 	0.195088 	-0.000000
1216 	0.980786 	0.195088 	0.000000
1217 	0.980786 	0.195088 	0.000000
1218 	1.000000 	-0.000000 	0.000000
1219 	0.980788 	-0.000000 	0.195077
1220 	0.923880 	-0.000000 	0.382682
1221 	0.831468 	-0.000000 	0.555573
1222 	0.707107 	-0.000000 	0.707107
1223 	0.555573 	-0.000000 	0.831468
1224 	0.382682 	-0.000000 	0.923880
1225 	0.195077 	-0.000000 	0.980788
1226 	0.000000 	0.000000 	1.000000
1227 	0.000000 	0.000000 	1.000000
1228 	0.000000 	0.000000 	1.000000
1229 	0.000000 	0.000000 	1.000000
1230 	0.000000 	0.000000 	1.000000
1231 	0.000000 	0.000000 	1.000000
1232 	0.000000 	0.000000 	1.000000
1233 	0.000000 	0.000000 	1.000000
1234 	0.000001 	0.000000 	0.000000
1235 	0.000000 	1.000000 	-0.000000
1236 	0.000000 	1.000000 	-0.000000
1237 	0.000000 	1.000000 	-0.000000
1238 	0.000000 	1.000000 	-0.000000
1239 	0.000000 	1.000000 	-0.000000
1240 	0.000000 	1.000000 	-0.000000
1241 	0.000000 	1.000000 	-0.000000
1242 	0.000000 	1.000000 	-0.000000
1243 	0.195077 	0.980788 	-0.000000
1244 	0.382682 	0.923880 	-0.000000
1245 	0.555573 	0.831468 	-0.000000
1246 	0.707107 	0.707107 	-0.000000
1247 	0.831468 	0.555573 	-0.000000
1248 	0.923880 	0.382682 	-0.000000
1249 	0.980788 	0.195077 	-0.000000
1250 	1.000000 	-0.000000 	0.000000
1251 	0.980785 	-0.000000 	0.195091
1252 	1.000000 	-0.000000 	0.000000
1253 	0.980785 	-0.000000 	0.195091
1254 	0.923885 	-0.000000 	0.382670
1255 	0.923885 	-0.000000 	0.382670
1256 	0.831467 	-0.000000 	0.555575
1257 	0.831467 	-0.000000 	0.555575
1258 	0.707107 	-0.000000 	0.707107
1259 	0.707107 	-0.000000 	0.707107
1260 	0.555575 	-0.000000 	0.831467
1261 	0.555575 	-0.000000 	0.831467
1262 	0.382670 	-0.000000 	0.923885
1263 	0.382670 	-0.000000 	0.923885
1264 	0.195091 	-0.000000 	0.980785
1265 	0.195091 	-0.000000 	0.980785
1266 	0.138280 	0.000000 	0.990393
1267 	-0.000000 	0.000000 	1.000000
1268 	0.140938 	0.000000 	0.990018
1269 	-0.140938 	0.000000 	0.990018
1270 	0.149432 	0.000000 	0.988772
1271 	-0.149465 	0.000000 	0.988767
1272 	0.165644 	0.000000 	0.986186
1273 	-0.165644 	0.000000 	0.986186
1274 	0.193714 	0.000000 	0.981058
1275 	-0.193714 	0.000000 	0.981058
1276 	0.243737 	0.000000 	0.969841
1277 	-0.243737 	0.000000 	0.969841
1278 	0.342768 	0.000000 	0.939420
1279 	-0.342836 	0.000000 	0.939395
1280 	0.582076 	0.000000 	0.813134
1281 	-0.582076 	0.000000 	0.813134
1282 	1.000000 	0.000000 	0.000000
1283 	-1.000000 	0.000000 	0.000000
1284 	0.581990 	0.813196 	-0.000000
1285 	-0.582076 	0.813134 	0.000000
1286 	0.342836 	0.939395 	-0.000000
1287 	-0.342836 	0.939395 	0.000000
1288 	0.243737 	0.969841 	-0.000000
1289 	-0.243789 	0.969828 	0.000000
1290 	0.193714 	0.981058 	-0.000000
1291 	-0.193756 	0.981050 	0.000000
1292 	0.165608 	0.986192 	-0.000000
1293 	-0.165608 	0.986192 	0.000000
1294 	0.149465 	0.988767 	-0.000000
1295 	-0.149465 	0.988767 	0.000000
1296 	0.140938 	0.990018 	-0.000000
1297 	-0.140938 	0.990018 	0.000000
1298 	0.138280 	0.990393 	-0.000000
1299 	-0.000000 	1.000000 	0.000000
1300 	0.195091 	0.980785 	-0.000000
1301 	0.195091 	0.980785 	0.000000
1302 	0.382670 	0.923885 	-0.000000
1303 	0.382670 	0.923885 	0.000000
1304 	0.555575 	0.831467 	-0.000000
1305 	0.555575 	0.831467 	0.000000
1306 	0.707107 	0.707107 	-0.000000
1307 	0.707107 	0.707107 	0.000000
1308 	0.831467 	0.555575 	-0.000000
1309 	0.831467 	0.555575 	0.000000
1310 	0.923885 	0.382670 	-0.000000
1311 	0.923885 	0.382670 	0.000000
1312 	0.980785 	0.195091 	-0.000000
1313 	0.980785 	0.195091 	0.000000
1314 	1.000000 	-0.000000 	0.000000
1315 	0.980785 	-0.000000 	0.195091
1316 	0.980785 	-0.000000 	0.195091
1317 	1.000000 	-0.000000 	0.000000
1318 	0.923885 	-0.000000 	0.382670
1319 	0.923885 	-0.000000 	0.382670
1320 	0.831467 	-0.000000 	0.555575
1321 	0.831467 	-0.000000 	0.555575
1322 	0.707107 	-0.000000 	0.707107
1323 	0.707107 	-0.000000 	0.707107
1324 	0.555575 	-0.000000 	0.831467
1325 	0.555575 	-0.000000 	0.831467
1326 	0.382670 	-0.000000 	0.923885
1327 	0.382670 	-0.000000 	0.923885
1328 	0.195091 	-0.000000 	0.980785
1329 	0.195091 	-0.000000 	0.980785
1330 	0.138280 	0.000000 	0.990393
1331 	-0.000000 	0.000000 	1.000000
1332 	0.140938 	0.000000 	0.990018
1333 	-0.140938 	0.000000 	0.990018
1334 	0.149432 	0.000000 	0.988772
1335 	-0.149432 	0.000000 	0.988772
1336 	0.165644 	0.000000 	0.986186
1337 	-0.165644 	0.000000 	0.986186
1338 	0.193714 	0.000000 	0.981058
1339 	-0.193714 	0.000000 	0.981058
1340 	0.243737 	0.000000 	0.969841
1341 	-0.243737 	0.000000 	0.969841
1342 	0.342768 	0.000000 	0.939420
1343 	-0.342836 	0.000000 	0.939395
1344 	0.581990 	0.000000 	0.813196
1345 	-0.582076 	0.000000 	0.813134
1346 	1.000000 	0.000000 	0.000000
1347 	-1.000000 	0.000000 	0.000000
1348 	0.582076 	0.813134 	-0.000000
1349 	-0.582076 	0.813134 	0.000000
1350 	0.342836 	0.939395 	-0.000000
1351 	-0.342836 	0.939395 	0.000000
1352 	0.243737 	0.969841 	-0.000000
1353 	-0.243737 	0.969841 	0.000000
1354 	0.193714 	0.981058 	-0.000000
1355 	-0.193756 	0.981050 	0.000000
1356 	0.165608 	0.986192 	-0.000000
1357 	-0.165608 	0.986192 	0.000000
1358 	0.149465 	0.988767 	-0.000000
1359 	-0.149465 	0.988767 	0.000000
1360 	0.140969 	0.990014 	-0.000000
1361 	-0.140938 	0.990018 	0.000000
1362 	0.138310 	0.990389 	-0.000000
1363 	-0.000000 	1.000000 	0.000000
1364 	0.195091 	0.980785 	-0.000000
1365 	0.195091 	0.980785 	0.000000
1366 	0.382670 	0.923885 	-0.000000
1367 	0.382670 	0.923885 	0.000000
1368 	0.555575 	0.831467 	-0.000000
1369 	0.555575 	0.831467 	0.000000
1370 	0.707107 	0.707107 	-0.000000
1371 	0.707107 	0.707107 	0.000000
1372 	0.831467 	0.555575 	-0.000000
1373 	0.831467 	0.555575 	0.000000
1374 	0.923885 	0.382670 	-0.000000
1375 	0.923885 	0.382670 	0.000000
1376 	0.980785 	0.195091 	-0.000000
1377 	0.980785 	0.195091 	0.000000
1378 	1.000000 	-0.000000 	0.000000
1379 	0.980786 	-0.000000 	0.195088
1380 	1.000000 	-0.000000 	0.000000
1381 	0.980786 	-0.000000 	0.195088
1382 	0.923886 	-0.000000 	0.382669
1383 	0.923886 	-0.000000 	0.382669
1384 	0.831472 	-0.000000 	0.555567
1385 	0.831472 	-0.000000 	0.555567
1386 	0.707107 	-0.000000 	0.707107
1387 	0.707107 	-0.000000 	0.707107
1388 	0.555567 	-0.000000 	0.831472
1389 	0.555567 	-0.000000 	0.831472
1390 	0.382669 	-0.000000 	0.923886
1391 	0.382669 	-0.000000 	0.923886
1392 	0.195088 	-0.000000 	0.980786
1393 	0.195088 	-0.000000 	0.980786
1394 	0.047945 	0.000000 	0.998850
1395 	-0.000000 	0.000000 	1.000000
1396 	0.048883 	0.000000 	0.998805
1397 	-0.048883 	0.000000 	0.998805
1398 	0.051887 	0.000000 	0.998653
1399 	-0.051887 	0.000000 	0.998653
1400 	0.057634 	0.000000 	0.998338
1401 	-0.057634 	0.000000 	0.998338
1402 	0.067727 	0.000000 	0.997704
1403 	-0.067727 	0.000000 	0.997704
1404 	0.086079 	0.000000 	0.996288
1405 	-0.086079 	0.000000 	0.996288
1406 	0.124465 	0.000000 	0.992224
1407 	-0.124465 	0.000000 	0.992224
1408 	0.238921 	0.000000 	0.971039
1409 	-0.238921 	0.000000 	0.971039
1410 	1.000000 	0.000000 	0.000000
1411 	-1.000000 	0.000000 	0.000000
1412 	0.238921 	0.971039 	-0.000000
1413 	-0.238921 	0.971039 	0.000000
1414 	0.124465 	0.992224 	-0.000000
1415 	-0.124465 	0.992224 	0.000000
1416 	0.086079 	0.996288 	-0.000000
1417 	-0.086079 	0.996288 	0.000000
1418 	0.067727 	0.997704 	-0.000000
1419 	-0.067727 	0.997704 	0.000000
1420 	0.057634 	0.998338 	-0.000000
1421 	-0.057634 	0.998338 	0.000000
1422 	0.051887 	0.998653 	-0.000000
1423 	-0.051887 	0.998653 	0.000000
1424 	0.048883 	0.998805 	-0.000000
1425 	-0.048883 	0.998805 	0.000000
1426 	0.047945 	0.998850 	-0.000000
1427 	-0.000000 	1.000000 	0.000000
1428 	0.195088 	0.980786 	-0.000000
1429 	0.195088 	0.980786 	0.000000
1430 	0.382669 	0.923886 	-0.000000
1431 	0.382669 	0.923886 	0.000000
1432 	0.555567 	0.831472 	-0.000000
1433 	0.555567 	0.831472 	0.000000
1434 	0.707107 	0.707107 	-0.000000
1435 	0.707107 	0.707107 	0.000000
1436 	0.831472 	0.555567 	-0.000000
1437 	0.831472 	0.555567 	0.000000
1438 	0.923886 	0.382669 	-0.000000
1439 	0.923886 	0.382669 	0.000000
1440 	0.980786 	0.195088 	-0.000000
1441 	0.980786 	0.195088 	0.000000
1442 	1.000000 	-0.000000 	0.000000
1443 	0.980786 	-0.000000 	0.195088
1444 	0.980786 	-0.000000 	0.195088
1445 	1.000000 	-0.000000 	0.000000
1446 	0.923886 	-0.000000 	0.382669
1447 	0.923886 	-0.000000 	0.382669
1448 	0.831472 	-0.000000 	0.555567
1449 	0.831472 	-0.000000 	0.555567
1450 	0.707107 	-0.000000 	0.707107
1451 	0.707107 	-0.000000 	0.707107
1452 	0.555567 	-0.000000 	0.831472
1453 	0.555567 	-0.000000 	0.831472
1454 	0.382669 	-0.000000 	0.923886
1455 	0.382669 	-0.000000 	0.923886
1456 	0.195088 	-0.000000 	0.980786
1457 	0.195088 	-0.000000 	0.980786
1458 	0.047945 	0.000000 	0.998850
1459 	-0.000000 	0.000000 	1.000000
1460 	0.048883 	0.000000 	0.998805
1461 	-0.048883 	0.000000 	0.998805
1462 	0.051887 	0.000000 	0.998653
1463 	-0.051887 	0.000000 	0.998653
1464 	0.057634 	0.000000 	0.998338
1465 	-0.057634 	0.000000 	0.998338
1466 	0.067727 	0.000000 	0.997704
1467 	-0.067727 	0.000000 	0.997704
1468 	0.086079 	0.000000 	0.996288
1469 	-0.086079 	0.000000 	0.996288
1470 	0.124465 	0.000000 	0.992224
1471 	-0.124465 	0.000000 	0.992224
1472 	0.238921 	0.000000 	0.971039
1473 	-0.238921 	0.000000 	0.971039
1474 	1.000000 	0.000000 	0.000000
1475 	-1.000000 	0.000000 	0.000000
1476 	0.238921 	0.971039 	-0.000000
1477 	-0.238921 	0.971039 	0.000000
1478 	0.124465 	0.992224 	-0.000000
1479 	-0.124465 	0.992224 	0.000000
1480 	0.086079 	0.996288 	-0.000000
1481 	-0.086079 	0.996288 	0.000000
1482 	0.067727 	0.997704 	-0.000000
1483 	-0.067727 	0.997704 	0.000000
1484 	0.057634 	0.998338 	-0.000000
1485 	-0.057634 	0.998338 	0.000000
1486 	0.051887 	0.998653 	-0.000000
1487 	-0.051887 	0.998653 	0.000000
1488 	0.048883 	0.998805 	-0.000000
1489 	-0.048883 	0.998805 	0.000000
1490 	0.047945 	0.998850 	-0.000000
1491 	-0.000000 	1.000000 	0.000000
1492 	0.195088 	0.980786 	-0.000000
1493 	0.195088 	0.980786 	0.000000
1494 	0.382669 	0.923886 	-0.000000
1495 	0.382669 	0.923886 	0.000000
1496 	0.555567 	0.831472 	-0.000000
1497 	0.555567 	0.831472 	0.000000
1498 	0.707107 	0.707107 	-0.000000
1499 	0.707107 	0.707107 	0.000000
1500 	0.831472 	0.555567 	-0.000000
1501 	0.831472 	0.555567 	0.000000
1502 	0.923886 	0.382669 	-0.000000
1503 	0.923886 	0.382669 	0.000000
1504 	0.980786 	0.195088 	-0.000000
1505 	0.980786 	0.195088 	0.000000
